# Created by Octave 4.0.0, Fri Jun 24 23:11:18 2016 Eastern Daylight Time <unknown@LAPTOP-CTE2RMDV>
# name: ex1data1sample
# type: matrix
# rows: 10
# columns: 2
 6.1101 17.592
 5.5277 9.1302
 8.518599999999999 13.662
 7.0032 11.854
 5.8598 6.8233
 8.382899999999999 11.886
 7.4764 4.3483
 8.578099999999999 12
 6.4862 6.5987
 5.0546 3.8166


